44.95
38
30.717
36.633
37.617
36.317
43.483
41.367
38.533
44.133
43.833
39.833
43.667
46.25
47.417
47.9
46.9
55.333
46.25
53.4
51.867
54.55
62.367
60.033
63.717
60.583
59.75
55.2
63.75
62.55
60.2
66.233
67.533
65.6
60.4
59.5
65.533
64.983
73.75
74.417
74.7
74.033
88.983
72.2
83.1
82.483
82.933
80.067
84.733
89.083
83.567
94.733
89.9
87.75
74.317
86.033
105.05
84.617
95.633
84.067
91.85
84.15
95.467
82.233
90.65
100.03
101.55
97.317
100.7
101.52
101.6
97.2
95.683
92.583
85
100.5
99.683
90.317
99.733
100.43
89.183
94.217
96.683
103.13
91.533
84.35
94.983
86.9
86.75
93.217
77.633
76.95
77.15
83
89.783
87.1
87.05
71.983
79.867
86.417
71.767
68.05
72.4
62.45
63.9
71.067
57.95
58
57.683
63.533
50.667
50.833
47.867
52.717
61.217
49.133
57.15
56.567
59.767
56.567
58.733
55.817
60.467
60.033
60.133
59.967
53.75
51.4
56.45
53.767
61.683
58.467
63.05
57.733
58.467
50.05
53.767
60.05
55.45
46.75
52.067
52.333
58.433
47.383
40.017
51.8
56.433
58.567
45.333
48.683
49.867
56.983
51.767
55.533
59.85
57.433
68.383
57.833
58.683
67.583
66.3
70.533
79.233
70.233
77.55
68.333
80.783
71.85
75.05
91.6
90.183
83.75
87.917
84.117
91.917
76.867
82.083
91
77.417
109.48
94.083
85.867
113.77
101.98
109.42
111.85
110.93
100.9
103.83
114.38
113.42
110.98
109.4
112.08
99.75
114.78
108.18
123.23
104.65
103.78
102.63
113.65
123.88
127.47
127.92
109.07
115.4
112.78
110.8
116.28
125.68
116.7
119.47
110.47
123.2
108.65
113.28
89.633
107.7
96.7
104.45
109.18
94.833
104.4
98.467
109.9
97.8
100.82
96.333
103.55
92.367
101.1
98.983
91.717
101.3
111.52
112.22
101.85
98.667
94.733
93.867
98.35
94.217
94.017
86.6
82.633
87.617
85.183
73.7
63.333
74.75
76.667
62.95
70.533
65.083
74.95
68.45
70.083
68.617
68.35
70.333
68.067
68.417
69.683
79.767
75.433
68.333
73.567
69.667
70.983
77.817
71.117
76.6
68.45
67.683
65.867
70.867
69.017
82.017
75.467
72.05
81.817
68.617
65.433
75.217
64.217
63.017
61.617
67.767
56.6
70.483
66.683
61.967
74.833
65.833
65.817
76.717
75.383
79.483
89.05
83.8
82.567
104.78
82.983
80.517
80.617
93.7
85.7
92.083
96.983
92.35
91.45
106.67
101.57
96.7
90.967
101.38
99.767
99.917
100.73
101.07
98.683
98.367
92.8
105.47
105.87
113.22
114.37
97.533
112.77
106.03
102.42
105.12
103.05
113.45
105.93
109.28
104.27
106.58
114.32
122.27
127.1
129.12
106.8
109.68
110
117.5
116.47
105.9
103.75
120.98
112.47
118.9
112.38
114.4
113.68
131.93
124.88
115.43
115.6
117.9
102.03
114.28
110.65
102.22
110.55
106.18
109.13
97.4
111.55
105.3
99.617
95.067
94.083
108.8
93.75
96.933
101.28
83.667
86.217
91.65
102.03
109.02
108.32
87.717
86.55
95.15
86.017
96.583
90.35
89.9
70.35
78.35
74.033
80.083
86.85
76.333
83.083
59.917
65.733
68.517
75.833
79.167
82.4
73.1
89.35
80.017
82.5
66.9
68.883
73.367
62.95
67.867
68.417
53.8
59.4
65.417
65.5
58.55
64.517
60.05
70.733
65.35
77.567
59.783
53.7
56.967
55.25
49.1
54.4
58.983
59.533
70.5
57.55
62.233
71.433
68.65
62.267
69.55
64.4
83.95
77.433
75.033
71.25
78.717
85.95
87.067
78.567
75.133
81.917
83.25
76.75
83.9
90.05
103.57
87.417
86.683
82.1
95.8
81.233
92.25
88.583
91.033
96.717
88.65
96.817
96.483
103.85
92.4
108.1
114.93
102.05
122.7
118.08
120.1
117.25
112.38
115.57
130.72
144.4
128.95
130.38
122.1
129.93
124.05
121.45
134.35
146.5
132.67
134.3
120.87
127.25
143.55
126.77
127.9
127.55
126.57
148.92
136.13
125.02
137.52
137.2
134.55
136.38
124.55
124.9
134.27
120.05
122.05
125.05
123.28
125.6
109.1
107.85
113.52
113.98
106.15
100.23
111.63
107.02
113
118.6
105.38
109.3
105.07
93.95
107.28
121.2
113.62
108.1
107.4
94.683
83.667
90.817
92.867
86.583
90.183
80.417
75.8
74.6
83.5
66.75
77.283
72.083
73.717
66.283
69.45
72.35
73.167
77.867
73.95
70.3
99.467
83
72.867
77.75
76.733
83.467
76.417
78.833
70.267
67.767
76.317
68
79.783
81.15
81.083
72.383
72.417
80.65
71.05
62.85
65.267
63.533
54.783
71.417
61.417
62.467
55.333
65.117
58.733
55.95
65.783
72.733
68.233
77.583
72.367
84.55
84.767
71.9
91.117
85.867
85.383
80.117
93.95
100.62
91.633
96.467
89.45
97.25
100.35
89.517
94.833
93.883
104.32
99.283
103
87.133
83.483
86.55
83.2
98.117
95.517
110.73
104.75
96.483
107.37
110.72
100.85
91.55
107.08
110.58
116.68
120.22
109.73
112.73
122.48
118.65
129.1
124.47
125.23
128.38
134.02
119.42
123.55
125.02
138.13
121.3
116.72
114.6
112.73
115.1
123.98
117.47
114.05
116.43
112.25
112.42
115.95
112.22
118.13
114.98
110.85
122.25
117.45
105.45
113.93
106.15
102.15
100.95
94.217
102.6
106.07
104.23
110.18
110.38
97.95
106.23
97.15
115.62
110.05
98.283
118.07
103.55
97.433
89.567
89.633
86.417
85.433
89.883
77.4
80.233
65.7
80.7
76.383
67.883
67.233
63.1
58.2
67.4
64.233
66
62.033
64
62.417
58.667
60.15
59.167
61.233
46.3
47.6
55.45
52.033
51.567
49.433
52.55
55.383
56.95
50.167
50.167
59.05
47.817
47.033
46.183
42.633
50.867
44.117
50.683
46.833
49.85
